{
    "camera_angle_x": 0.6911112070083618,
    "frames": [
        {
            "file_path": "./train/r_0",
            "rotation": 0.012566370614359171,
            "transform_matrix": [
                [
                    -0.9250140190124512,
                    0.2748899757862091,
                    -0.2622683644294739,
                    -1.0572376251220703
                ],
                [
                    -0.3799331784248352,
                    -0.6692678928375244,
                    0.6385383605957031,
                    2.5740303993225098
                ],
                [
                    0.0,
                    0.6903012990951538,
                    0.7235219478607178,
                    2.9166102409362793
                ],
                [
                    0.0,
                    0.0,
                    0.0,
                    1.0
                ]
            ]
        },
        {
            "file_path": "./train/r_1",
            "rotation": 0.012566370614359171,
            "transform_matrix": [
                [
                    0.6858149766921997,
                    -0.7249027490615845,
                    0.06460536271333694,
                    0.26043257117271423
                ],
                [
                    0.7277759909629822,
                    0.6831074357032776,
                    -0.060880452394485474,
                    -0.24541696906089783
                ],
                [
                    3.725290298461914e-09,
                    0.08877081423997879,
                    0.9960520267486572,
                    4.015214443206787
                ],
                [
                    0.0,
                    0.0,
                    0.0,
                    1.0
                ]
            ]
        },
        {
            "file_path": "./train/r_2",
            "rotation": 0.012566370614359171,
            "transform_matrix": [
                [
                    0.3260957896709442,
                    0.14048941433429718,
                    -0.934839129447937,
                    -3.7684571743011475
                ],
                [
                    -0.9453368186950684,
                    0.04846210405230522,
                    -0.3224746286869049,
                    -1.2999367713928223
                ],
                [
                    0.0,
                    0.9888953566551208,
                    0.1486130952835083,
                    0.5990785360336304
                ],
                [
                    0.0,
                    0.0,
                    0.0,
                    1.0
                ]
            ]
        },
        {
            "file_path": "./train/r_3",
            "rotation": 0.012566370614359171,
            "transform_matrix": [
                [
                    -0.9063443541526794,
                    -0.156948983669281,
                    0.3923097252845764,
                    1.5814510583877563
                ],
                [
                    0.4225398004055023,
                    -0.3366542458534241,
                    0.8415010571479797,
                    3.3921992778778076
                ],
                [
                    0.0,
                    0.9284562468528748,
                    0.37144190073013306,
                    1.4973301887512207
                ],
                [
                    0.0,
                    0.0,
                    0.0,
                    1.0
                ]
            ]
        },
        {
            "file_path": "./train/r_4",
            "rotation": 0.012566370614359171,
            "transform_matrix": [
                [
                    0.8591064810752869,
                    -0.4538917541503906,
                    0.2364707589149475,
                    0.953244149684906
                ],
                [
                    0.5117969512939453,
                    0.7619063258171082,
                    -0.3969416916370392,
                    -1.6001232862472534
                ],
                [
                    -1.4901161193847656e-08,
                    0.46204015612602234,
                    0.8868588805198669,
                    3.575042724609375
                ],
                [
                    0.0,
                    0.0,
                    0.0,
                    1.0
                ]
            ]
        },
        {
            "file_path": "./train/r_5",
            "rotation": 0.012566370614359171,
            "transform_matrix": [
                [
                    0.462623655796051,
                    -0.4831503927707672,
                    0.7433337569236755,
                    2.996474266052246
                ],
                [
                    0.8865548372268677,
                    0.25211840867996216,
                    -0.38788774609565735,
                    -1.5636255741119385
                ],
                [
                    0.0,
                    0.8384521007537842,
                    0.544975221157074,
                    2.1968653202056885
                ],
                [
                    0.0,
                    0.0,
                    0.0,
                    1.0
                ]
            ]
        },
        {
            "file_path": "./train/r_6",
            "rotation": 0.012566370614359171,
            "transform_matrix": [
                [
                    -0.06443945318460464,
                    -0.26465365290641785,
                    0.9621880650520325,
                    3.878704309463501
                ],
                [
                    0.9979217052459717,
                    -0.01708965376019478,
                    0.06213200092315674,
                    0.2504621148109436
                ],
                [
                    0.0,
                    0.9641920328140259,
                    0.26520484685897827,
                    1.069075107574463
                ],
                [
                    0.0,
                    0.0,
                    0.0,
                    1.0
                ]
            ]
        },
        {
            "file_path": "./train/r_7",
            "rotation": 0.012566370614359171,
            "transform_matrix": [
                [
                    -0.9958431124687195,
                    -0.060012977570295334,
                    0.06851974874734879,
                    0.2762119472026825
                ],
                [
                    0.09108519554138184,
                    -0.6561276316642761,
                    0.7491329312324524,
                    3.0198514461517334
                ],
                [
                    3.7252898543727042e-09,
                    0.7522600293159485,
                    0.6588664054870605,
                    2.655975341796875
                ],
                [
                    0.0,
                    0.0,
                    0.0,
                    1.0
                ]
            ]
        },
        {
            "file_path": "./train/r_8",
            "rotation": 0.012566370614359171,
            "transform_matrix": [
                [
                    0.9012928605079651,
                    0.18108686804771423,
                    -0.39354631304740906,
                    -1.5864359140396118
                ],
                [
                    -0.4332102835178375,
                    0.37675073742866516,
                    -0.8187720775604248,
                    -3.3005757331848145
                ],
                [
                    -1.4901161193847656e-08,
                    0.9084417223930359,
                    0.41801145672798157,
                    1.6850581169128418
                ],
                [
                    0.0,
                    0.0,
                    0.0,
                    1.0
                ]
            ]
        },
        {
            "file_path": "./train/r_9",
            "rotation": 0.012566370614359171,
            "transform_matrix": [
                [
                    -0.8507986068725586,
                    0.20614278316497803,
                    -0.483370304107666,
                    -1.9485280513763428
                ],
                [
                    -0.5254918932914734,
                    -0.33375585079193115,
                    0.7826015949249268,
                    3.1547679901123047
                ],
                [
                    1.4901161193847656e-08,
                    0.9198436141014099,
                    0.39228537678718567,
                    1.581352949142456
                ],
                [
                    0.0,
                    0.0,
                    0.0,
                    1.0
                ]
            ]
        },
        {
            "file_path": "./train/r_10",
            "rotation": 0.012566370614359171,
            "transform_matrix": [
                [
                    -0.9964723587036133,
                    0.0291383545845747,
                    -0.07870139926671982,
                    -0.31725549697875977
                ],
                [
                    -0.08392231911420822,
                    -0.3459814488887787,
                    0.9344804883003235,
                    3.7670114040374756
                ],
                [
                    0.0,
                    0.937788724899292,
                    0.3472062945365906,
                    1.3996332883834839
                ],
                [
                    0.0,
                    0.0,
                    0.0,
                    1.0
                ]
            ]
        },
        {
            "file_path": "./train/r_11",
            "rotation": 0.012566370614359171,
            "transform_matrix": [
                [
                    -0.6059895157814026,
                    0.3178822100162506,
                    -0.7291965484619141,
                    -2.9394853115081787
                ],
                [
                    -0.7954726219177246,
                    -0.2421620488166809,
                    0.5555005073547363,
                    2.2392940521240234
                ],
                [
                    -1.4901161193847656e-08,
                    0.9166833758354187,
                    0.39961424469947815,
                    1.6108965873718262
                ],
                [
                    0.0,
                    0.0,
                    0.0,
                    1.0
                ]
            ]
        },
        {
            "file_path": "./train/r_12",
            "rotation": 0.012566370614359171,
            "transform_matrix": [
                [
                    -0.5113345384597778,
                    -0.5388402938842773,
                    0.6694684624671936,
                    2.698713779449463
                ],
                [
                    0.8593817949295044,
                    -0.32061147689819336,
                    0.39833560585975647,
                    1.6057422161102295
                ],
                [
                    0.0,
                    0.7790117263793945,
                    0.6270093321800232,
                    2.527555465698242
                ],
                [
                    0.0,
                    0.0,
                    0.0,
                    1.0
                ]
            ]
        },
        {
            "file_path": "./train/r_13",
            "rotation": 0.012566370614359171,
            "transform_matrix": [
                [
                    -0.4027670919895172,
                    -0.37720945477485657,
                    0.8339614272117615,
                    3.3618061542510986
                ],
                [
                    0.9153026342391968,
                    -0.16598613560199738,
                    0.36697396636009216,
                    1.4793193340301514
                ],
                [
                    -1.4901164746561335e-08,
                    0.9111320376396179,
                    0.4121144711971283,
                    1.6612865924835205
                ],
                [
                    0.0,
                    0.0,
                    0.0,
                    1.0
                ]
            ]
        },
        {
            "file_path": "./train/r_14",
            "rotation": 0.012566370614359171,
            "transform_matrix": [
                [
                    0.7454707622528076,
                    -0.35735198855400085,
                    0.5626480579376221,
                    2.2681069374084473
                ],
                [
                    0.6665382385253906,
                    0.39967018365859985,
                    -0.6292777061462402,
                    -2.5366995334625244
                ],
                [
                    0.0,
                    0.8441345691680908,
                    0.5361312031745911,
                    2.1612141132354736
                ],
                [
                    0.0,
                    0.0,
                    0.0,
                    1.0
                ]
            ]
        },
        {
            "file_path": "./train/r_15",
            "rotation": 0.012566370614359171,
            "transform_matrix": [
                [
                    -0.8823493719100952,
                    0.46879974007606506,
                    -0.04106496274471283,
                    -0.16553816199302673
                ],
                [
                    -0.4705948829650879,
                    -0.8789835572242737,
                    0.07699541002511978,
                    0.31037843227386475
                ],
                [
                    3.725290298461914e-09,
                    0.08726167678833008,
                    0.9961854219436646,
                    4.015751838684082
                ],
                [
                    0.0,
                    0.0,
                    0.0,
                    1.0
                ]
            ]
        },
        {
            "file_path": "./train/r_16",
            "rotation": 0.012566370614359171,
            "transform_matrix": [
                [
                    -0.2657671868801117,
                    0.6554209589958191,
                    -0.706959068775177,
                    -2.8498432636260986
                ],
                [
                    -0.964037299156189,
                    -0.18068741261959076,
                    0.19489550590515137,
                    0.7856489419937134
                ],
                [
                    -1.4901162970204496e-08,
                    0.7333316802978516,
                    0.6798709630966187,
                    2.740647554397583
                ],
                [
                    0.0,
                    0.0,
                    0.0,
                    1.0
                ]
            ]
        },
        {
            "file_path": "./train/r_17",
            "rotation": 0.012566370614359171,
            "transform_matrix": [
                [
                    -0.9516690969467163,
                    -0.07177157700061798,
                    0.29862138628959656,
                    1.2037813663482666
                ],
                [
                    0.3071252107620239,
                    -0.2223939448595047,
                    0.9253188371658325,
                    3.7300796508789062
                ],
                [
                    -7.450580596923828e-09,
                    0.9723115563392639,
                    0.23368830978870392,
                    0.9420276880264282
                ],
                [
                    0.0,
                    0.0,
                    0.0,
                    1.0
                ]
            ]
        },
        {
            "file_path": "./train/r_18",
            "rotation": 0.012566370614359171,
            "transform_matrix": [
                [
                    0.3344980478286743,
                    -0.3132399618625641,
                    0.8888148069381714,
                    3.5829269886016846
                ],
                [
                    0.9423965215682983,
                    0.11118266731500626,
                    -0.3154795467853546,
                    -1.2717387676239014
                ],
                [
                    0.0,
                    0.9431432485580444,
                    0.3323865830898285,
                    1.3398932218551636
                ],
                [
                    0.0,
                    0.0,
                    0.0,
                    1.0
                ]
            ]
        },
        {
            "file_path": "./train/r_19",
            "rotation": 0.012566370614359171,
            "transform_matrix": [
                [
                    0.3607509136199951,
                    -0.8952076435089111,
                    0.26165223121643066,
                    1.0547538995742798
                ],
                [
                    0.932662308216095,
                    0.346263587474823,
                    -0.10120629519224167,
                    -0.40797561407089233
                ],
                [
                    7.450581485102248e-09,
                    0.28054356575012207,
                    0.9598413705825806,
                    3.869244337081909
                ],
                [
                    0.0,
                    0.0,
                    0.0,
                    1.0
                ]
            ]
        },
        {
            "file_path": "./train/r_20",
            "rotation": 0.012566370614359171,
            "transform_matrix": [
                [
                    -0.956350564956665,
                    0.1446351855993271,
                    -0.25391802191734314,
                    -1.023576259613037
                ],
                [
                    -0.2922220230102539,
                    -0.4733453392982483,
                    0.83099365234375,
                    3.3498425483703613
                ],
                [
                    7.450581485102248e-09,
                    0.8689215779304504,
                    0.49494966864585876,
                    1.9952058792114258
                ],
                [
                    0.0,
                    0.0,
                    0.0,
                    1.0
                ]
            ]
        },
        {
            "file_path": "./train/r_21",
            "rotation": 0.012566370614359171,
            "transform_matrix": [
                [
                    -0.7170628309249878,
                    -0.4431157112121582,
                    0.5380235910415649,
                    2.1688425540924072
                ],
                [
                    0.6970086097717285,
                    -0.45586496591567993,
                    0.5535035133361816,
                    2.2312440872192383
                ],
                [
                    0.0,
                    0.7719038724899292,
                    0.635739266872406,
                    2.562747001647949
                ],
                [
                    0.0,
                    0.0,
                    0.0,
                    1.0
                ]
            ]
        },
        {
            "file_path": "./train/r_22",
            "rotation": 0.012566370614359171,
            "transform_matrix": [
                [
                    0.8457144498825073,
                    -0.5287441611289978,
                    0.07208725810050964,
                    0.2905930280685425
                ],
                [
                    0.5336356163024902,
                    0.8379623889923096,
                    -0.11424505710601807,
                    -0.46053656935691833
                ],
                [
                    -3.725290076417309e-09,
                    0.13508741557598114,
                    0.9908337593078613,
                    3.994178533554077
                ],
                [
                    0.0,
                    0.0,
                    0.0,
                    1.0
                ]
            ]
        },
        {
            "file_path": "./train/r_23",
            "rotation": 0.012566370614359171,
            "transform_matrix": [
                [
                    -0.7889414429664612,
                    0.15000830590724945,
                    -0.5958765745162964,
                    -2.402055263519287
                ],
                [
                    -0.6144683957099915,
                    -0.19260187447071075,
                    0.7650706171989441,
                    3.0840983390808105
                ],
                [
                    0.0,
                    0.9697432518005371,
                    0.24412696063518524,
                    0.984107255935669
                ],
                [
                    0.0,
                    0.0,
                    0.0,
                    1.0
                ]
            ]
        },
        {
            "file_path": "./train/r_24",
            "rotation": 0.012566370614359171,
            "transform_matrix": [
                [
                    0.697782039642334,
                    0.20249579846858978,
                    -0.6870921850204468,
                    -2.7697572708129883
                ],
                [
                    -0.7163101434707642,
                    0.19725804030895233,
                    -0.6693198084831238,
                    -2.6981143951416016
                ],
                [
                    1.4901161193847656e-08,
                    0.9592105150222778,
                    0.28269290924072266,
                    1.1395715475082397
                ],
                [
                    0.0,
                    0.0,
                    0.0,
                    1.0
                ]
            ]
        },
        {
            "file_path": "./train/r_25",
            "rotation": 0.012566370614359171,
            "transform_matrix": [
                [
                    0.2353692352771759,
                    0.523441731929779,
                    -0.8189079165458679,
                    -3.3011233806610107
                ],
                [
                    -0.9719060659408569,
                    0.12676335871219635,
                    -0.1983172446489334,
                    -0.7994424104690552
                ],
                [
                    -7.450580596923828e-09,
                    0.8425793051719666,
                    0.5385723114013672,
                    2.1710543632507324
                ],
                [
                    0.0,
                    0.0,
                    0.0,
                    1.0
                ]
            ]
        },
        {
            "file_path": "./train/r_26",
            "rotation": 0.012566370614359171,
            "transform_matrix": [
                [
                    0.9830045104026794,
                    0.045349299907684326,
                    -0.17789188027381897,
                    -0.7171050906181335
                ],
                [
                    -0.18358123302459717,
                    0.24282744526863098,
                    -0.9525401592254639,
                    -3.8398122787475586
                ],
                [
                    3.725290298461914e-09,
                    0.9690088033676147,
                    0.2470257729291916,
                    0.9957927465438843
                ],
                [
                    0.0,
                    0.0,
                    0.0,
                    1.0
                ]
            ]
        },
        {
            "file_path": "./train/r_27",
            "rotation": 0.012566370614359171,
            "transform_matrix": [
                [
                    -0.9058412313461304,
                    -0.2997271418571472,
                    0.2993581295013428,
                    1.2067512273788452
                ],
                [
                    0.42361730337142944,
                    -0.6409209370613098,
                    0.6401318311691284,
                    2.580453872680664
                ],
                [
                    1.4901159417490817e-08,
                    0.7066711783409119,
                    0.7075421810150146,
                    2.852193832397461
                ],
                [
                    0.0,
                    0.0,
                    0.0,
                    1.0
                ]
            ]
        },
        {
            "file_path": "./train/r_28",
            "rotation": 0.012566370614359171,
            "transform_matrix": [
                [
                    0.06830453127622604,
                    0.3064652979373932,
                    -0.9494279623031616,
                    -3.8272666931152344
                ],
                [
                    -0.9976645708084106,
                    0.02098196931183338,
                    -0.06500203162431717,
                    -0.262031614780426
                ],
                [
                    0.0,
                    0.9516506195068359,
                    0.3071826696395874,
                    1.2382930517196655
                ],
                [
                    0.0,
                    0.0,
                    0.0,
                    1.0
                ]
            ]
        },
        {
            "file_path": "./train/r_29",
            "rotation": 0.012566370614359171,
            "transform_matrix": [
                [
                    -0.9677388668060303,
                    0.1398463398218155,
                    -0.20958179235458374,
                    -0.8448512554168701
                ],
                [
                    -0.25195541977882385,
                    -0.5371376872062683,
                    0.8049854636192322,
                    3.245000123977661
                ],
                [
                    -7.450580596923828e-09,
                    0.8318210244178772,
                    0.5550439953804016,
                    2.2374539375305176
                ],
                [
                    0.0,
                    0.0,
                    0.0,
                    1.0
                ]
            ]
        },
        {
            "file_path": "./train/r_30",
            "rotation": 0.012566370614359171,
            "transform_matrix": [
                [
                    -0.8545518517494202,
                    0.3337990343570709,
                    -0.397893488407135,
                    -1.6039599180221558
                ],
                [
                    -0.5193659067153931,
                    -0.5492246747016907,
                    0.6546841263771057,
                    2.639116048812866
                ],
                [
                    1.4901158529312397e-08,
                    0.7661139369010925,
                    0.6427048444747925,
                    2.5908260345458984
                ],
                [
                    0.0,
                    0.0,
                    0.0,
                    1.0
                ]
            ]
        },
        {
            "file_path": "./train/r_31",
            "rotation": 0.012566370614359171,
            "transform_matrix": [
                [
                    0.9962546825408936,
                    0.025986727327108383,
                    -0.08247014880180359,
                    -0.3324478268623352
                ],
                [
                    -0.08646754920482635,
                    0.29941171407699585,
                    -0.9501977562904358,
                    -3.8303699493408203
                ],
                [
                    0.0,
                    0.9537699222564697,
                    0.3005373179912567,
                    1.2115048170089722
                ],
                [
                    0.0,
                    0.0,
                    0.0,
                    1.0
                ]
            ]
        },
        {
            "file_path": "./train/r_32",
            "rotation": 0.012566370614359171,
            "transform_matrix": [
                [
                    0.9925857782363892,
                    -0.0175014715641737,
                    0.12028004974126816,
                    0.48486438393592834
                ],
                [
                    0.121546670794487,
                    0.14292214810848236,
                    -0.9822421669960022,
                    -3.9595448970794678
                ],
                [
                    0.0,
                    0.9895792007446289,
                    0.14398972690105438,
                    0.5804411768913269
                ],
                [
                    0.0,
                    0.0,
                    0.0,
                    1.0
                ]
            ]
        },
        {
            "file_path": "./train/r_33",
            "rotation": 0.012566370614359171,
            "transform_matrix": [
                [
                    -0.9745739698410034,
                    -0.15182095766067505,
                    0.1647910624742508,
                    0.6642939448356628
                ],
                [
                    0.22406631708145142,
                    -0.660343587398529,
                    0.7167569398880005,
                    2.8893392086029053
                ],
                [
                    0.0,
                    0.735456645488739,
                    0.6775718331336975,
                    2.7313790321350098
                ],
                [
                    0.0,
                    0.0,
                    0.0,
                    1.0
                ]
            ]
        },
        {
            "file_path": "./train/r_34",
            "rotation": 0.012566370614359171,
            "transform_matrix": [
                [
                    -0.8494749665260315,
                    0.10673805326223373,
                    -0.5167196989059448,
                    -2.082963705062866
                ],
                [
                    -0.5276288986206055,
                    -0.17184674739837646,
                    0.8319113254547119,
                    3.353541851043701
                ],
                [
                    -7.450580596923828e-09,
                    0.9793241024017334,
                    0.20229758322238922,
                    0.8154876232147217
                ],
                [
                    0.0,
                    0.0,
                    0.0,
                    1.0
                ]
            ]
        },
        {
            "file_path": "./train/r_35",
            "rotation": 0.012566370614359171,
            "transform_matrix": [
                [
                    -0.9998512864112854,
                    0.01611357368528843,
                    -0.006153763271868229,
                    -0.024806614965200424
                ],
                [
                    -0.01724865660071373,
                    -0.9340540766716003,
                    0.3567146062850952,
                    1.4379626512527466
                ],
                [
                    0.0,
                    0.3567677140235901,
                    0.9341930747032166,
                    3.765852928161621
                ],
                [
                    0.0,
                    0.0,
                    0.0,
                    1.0
                ]
            ]
        },
        {
            "file_path": "./train/r_36",
            "rotation": 0.012566370614359171,
            "transform_matrix": [
                [
                    -0.9913942217826843,
                    -0.13035331666469574,
                    0.01206086203455925,
                    0.04861889034509659
                ],
                [
                    0.13091009855270386,
                    -0.9871777296066284,
                    0.09133801609277725,
                    0.3681953251361847
                ],
                [
                    9.313225746154785e-10,
                    0.09213109314441681,
                    0.995746910572052,
                    4.013984203338623
                ],
                [
                    0.0,
                    0.0,
                    0.0,
                    1.0
                ]
            ]
        },
        {
            "file_path": "./train/r_37",
            "rotation": 0.012566370614359171,
            "transform_matrix": [
                [
                    -0.7272384762763977,
                    -0.4046468436717987,
                    0.5544232130050659,
                    2.2349517345428467
                ],
                [
                    0.686384916305542,
                    -0.42873138189315796,
                    0.5874224305152893,
                    2.3679757118225098
                ],
                [
                    0.0,
                    0.8077439665794373,
                    0.5895333886146545,
                    2.3764853477478027
                ],
                [
                    0.0,
                    0.0,
                    0.0,
                    1.0
                ]
            ]
        },
        {
            "file_path": "./train/r_38",
            "rotation": 0.012566370614359171,
            "transform_matrix": [
                [
                    0.07142041623592377,
                    0.8335370421409607,
                    -0.5478276610374451,
                    -2.2083640098571777
                ],
                [
                    -0.9974463582038879,
                    0.05968397110700607,
                    -0.03922624886035919,
                    -0.1581260710954666
                ],
                [
                    0.0,
                    0.5492302775382996,
                    0.835671067237854,
                    3.3686978816986084
                ],
                [
                    0.0,
                    0.0,
                    0.0,
                    1.0
                ]
            ]
        },
        {
            "file_path": "./train/r_39",
            "rotation": 0.012566370614359171,
            "transform_matrix": [
                [
                    0.9130738377571106,
                    -0.3836267292499542,
                    0.13829933106899261,
                    0.5575024485588074
                ],
                [
                    0.407794326543808,
                    0.858961284160614,
                    -0.30965977907180786,
                    -1.2482784986495972
                ],
                [
                    0.0,
                    0.33913981914520264,
                    0.940735936164856,
                    3.7922277450561523
                ],
                [
                    0.0,
                    0.0,
                    0.0,
                    1.0
                ]
            ]
        },
        {
            "file_path": "./train/r_40",
            "rotation": 0.012566370614359171,
            "transform_matrix": [
                [
                    -0.7109672427177429,
                    0.552476167678833,
                    -0.4350811839103699,
                    -1.7538683414459229
                ],
                [
                    -0.7032251358032227,
                    -0.5585586428642273,
                    0.4398711919784546,
                    1.7731775045394897
                ],
                [
                    -1.4901161193847656e-08,
                    0.6186939477920532,
                    0.7856320142745972,
                    3.1669838428497314
                ],
                [
                    0.0,
                    0.0,
                    0.0,
                    1.0
                ]
            ]
        },
        {
            "file_path": "./train/r_41",
            "rotation": 0.012566370614359171,
            "transform_matrix": [
                [
                    0.9869681596755981,
                    -0.13101491332054138,
                    0.09342881292104721,
                    0.37662360072135925
                ],
                [
                    0.16091564297676086,
                    0.803573489189148,
                    -0.5730409622192383,
                    -2.310002088546753
                ],
                [
                    0.0,
                    0.5806072950363159,
                    0.8141836524009705,
                    3.2820792198181152
                ],
                [
                    0.0,
                    0.0,
                    0.0,
                    1.0
                ]
            ]
        },
        {
            "file_path": "./train/r_42",
            "rotation": 0.012566370614359171,
            "transform_matrix": [
                [
                    -0.7770290374755859,
                    0.3282945454120636,
                    -0.5370742082595825,
                    -2.165015459060669
                ],
                [
                    -0.629464864730835,
                    -0.40525591373443604,
                    0.6629793643951416,
                    2.6725552082061768
                ],
                [
                    1.4901162970204496e-08,
                    0.853223443031311,
                    0.5215454697608948,
                    2.1024169921875
                ],
                [
                    0.0,
                    0.0,
                    0.0,
                    1.0
                ]
            ]
        },
        {
            "file_path": "./train/r_43",
            "rotation": 0.012566370614359171,
            "transform_matrix": [
                [
                    0.3290100693702698,
                    -0.6361754536628723,
                    0.6978775262832642,
                    2.813234329223633
                ],
                [
                    0.9443264007568359,
                    0.22164809703826904,
                    -0.24314555525779724,
                    -0.9801510572433472
                ],
                [
                    0.0,
                    0.7390215992927551,
                    0.6736817359924316,
                    2.715698003768921
                ],
                [
                    0.0,
                    0.0,
                    0.0,
                    1.0
                ]
            ]
        },
        {
            "file_path": "./train/r_44",
            "rotation": 0.012566370614359171,
            "transform_matrix": [
                [
                    -0.9577675461769104,
                    -0.06264221668243408,
                    0.2806372344493866,
                    1.1312848329544067
                ],
                [
                    0.28754356503486633,
                    -0.20865248143672943,
                    0.934763491153717,
                    3.7681522369384766
                ],
                [
                    -3.725290298461914e-09,
                    0.975981593132019,
                    0.21785293519496918,
                    0.8781932592391968
                ],
                [
                    0.0,
                    0.0,
                    0.0,
                    1.0
                ]
            ]
        },
        {
            "file_path": "./train/r_45",
            "rotation": 0.012566370614359171,
            "transform_matrix": [
                [
                    -0.003622838295996189,
                    0.682163655757904,
                    -0.7311904430389404,
                    -2.9475231170654297
                ],
                [
